[case]
tsr = 7.55
v_inf = 10
twist = 0

[turbine]
nblades = 3
diameter = 126
radius_hub = 1.5
section	=	Circular_Foil_Cd=0.5	Circular_Foil_Cd=0.5	Circular_Foil_Cd=0.5	Circular_Foil_Cd=0.35	DU99W405LM	DU99W350LM	DU99W350LM	DU97W300LM	DU91W2250LM	DU91W2250LM	DU93W210LM	DU93W210LM	NACA64618	NACA64618	NACA64618	NACA64618	NACA64618	NACA64618
radius	=	1.5	4.217411163	6.974784254	9.672214453	13.80827409	17.86440987	22.00046951	26.05660529	30.19266492	34.2488007	38.38486034	42.44099612	46.57705576	50.63319154	54.76925117	57.46668137	60.22405446	62.94146563
chord	=	3.2	3.696861314	4.01221978	4.320947368	4.604963415	4.555946341	4.352480488	4.129180488	3.876236585	3.6262	3.3778	3.1342	2.8858	2.6422	2.393921053	2.200747253	1.748835165	0.7
pitch	=	13.08	13.08	13.08	13.08	12.27219512	10.82643902	9.579895122	8.408931707	7.163397561	5.958270732	4.768778049	3.661685366	2.718068293	1.926368293	1.124710526	0.619208791	0.263846154	0

[fluid]
rho=1.25
mu=1.81e-5