[case]																			
tsr	=	7.55																	
v_inf	=	10																	
twist	=	0																	
																			
[turbine]																			
nblades	=	3																	
diameter	=	126																	
radius_hub	=	1.5																	
section	=	Circular_Foil_Cd=0.5	Circular_Foil_Cd=0.5	Circular_Foil_Cd=0.5	Circular_Foil_Cd=0.35	DU99W405LM	DU99W350LM	DU99W350LM	DU97W300LM	DU91W2250LM	DU91W2250LM	DU93W210LM	DU93W210LM	NACA64618	NACA64618	NACA64618	NACA64618	NACA64618	NACA64618
radius	=	1.500	4.220	6.980	9.680	13.820	17.880	22.020	26.080	30.220	34.280	38.420	42.480	46.620	50.680	54.820	57.520	60.280	63.000
chord	=	3.200	3.697	4.012	4.321	4.605	4.556	4.352	4.129	3.876	3.626	3.378	3.134	2.886	2.642	2.394	2.201	1.749	0.700
pitch	=	13.07998065	13.05123176	12.94204275	12.74297545	11.93901771	10.69438256	9.477524245	8.315136759	7.147745326	6.017100592	4.903794946	3.883650069	3.025510904	2.370832488	1.647459451	1.18112478	0.837112778	0.433802613																			
																			
[fluid]																			
rho=1.25																			
mu=1.81e-5																			
